0.00540779738190097
0.0046600698520187
0.00517563530939546
0.00537209165687426
0.00490882634478548
0.00535733972438585
0.00476707278994261
0.00478543941631515
0.00517127985303124
0.00433694407255183
0.00475145813734714
0.00416069782058685
0.00437381091462081
0.00427003267747562
0.00439557134406967
0.00416904270858751
0.00320734183823954
0.00433524403521004
0.00378619448322442
0.00398217682282494
0.00424193554167427
0.00451273450967549
0.00420182949140139
0.00471942179392142
0.00424262421918557
0.00467235023041475
0.0047636119550077
0.00451881977671451
0.00359272445636926
0.00496474537422735
0.00398061638280616
0.00447409989650853
0.00455709369915909
0.00473959946210331
0.00423167613451995
0.00488740565431474
0.00528573975044563
0.00340097086934441
0.00424448529411765
0.00495895238095238
0.00459368520263902
0.00350946867380164
0.0035332670313277
0.00419545224861041
0.00405476687145287
0.00326364830964042
0.0037734016955392
0.0032261183411799
0.00404735606409608
0.00332074711775663
0.00412732705934844
0.00237144549763033
0.00376332616176408
0.00261935088793631
0.00170913642052566
0.0018968284789644
0.00296725053113469
0.00291424766977364
0.00139556044463457
0.00196044107512061
0.00194684756697107
0.00109449653015487
0.00198999501980926
0.00131657854379823
0.00197240526239435
0.00144959625910644
0.00296649038423191
0.00126277781843909
0.00112466650697548
0.001529215246825
0.0019087490120122
0.00218122360471114
0.00186741573033707
9.2039307864405E-4
-2.28851114491713E-4
0.00191053260043619
0.00221836101762424
0.00175469387755102
0.00172875536480687
-1.27789934354468E-4
0.00148162416296094
0.00318954475789973
3.58097395243511E-4
0.0034383333754344
-6.07317073170703E-5
0.00354613466334164
0.00327317073170731
0.00372081432090938
0.00102929388361905
0.00154469273743017
0.00389593998836555
0.00410765014706031
0.00186392053463343
0.00108421547760067
0.00255433070866139
-0.00158655999999999
0.00473185333415329
0.00342881944444447
-0.00145860935059516
2.46460980036284E-4
-1.8185328185329E-4
4.69664641966213E-4
6.26016260162587E-4
-0.00296893935213852
8.98756285389287E-4
0.00206266058179674
-6.91276633941332E-4
0.00448680966498457
-7.26986052725354E-4
0.00628515815085157
0.00407283773998127
0.00613108808290157
0.00752312616800569
0.00262657871074363
6.30843229056032E-4
0.00164913800273606
-0.00400648680883694
-7.68335903470999E-4
0.00194936377591893
0.00251106518188954
-0.0013503225158504
-0.00146303490880912
-0.014693772893773
0.00409355572463118
0.00124309563963491
-0.00493476394849782
3.20293646627012E-4
0.00911537059173754
0.00218865998307462
0.00547788461538459
0.00881884548513876
0.00927322404371578
-0.00474216397384493
0.00336245978152375
-0.00344362269570906
-0.00852298136645969
0.00120247174748101
0.00951736000595933
0.0186232876712328
-0.00702680606652666
-0.00389748217971523
0.0016719751363107
0.00450247933884311
0.00334784249128065
-0.00172209469034618
0.00705210084033606
7.16558227521596E-4
-0.0201491313532753
-0.00489569732789813
0.00513763440860229
0.00180711533878081
0.0147913101941939
-0.00348934569235483
-0.0122590254365529
0.018702312766043
7.88732394363859E-5
0.00636568424004977
0.00551934006593383
0.0149709677419354
0.025183439327867
0.0395602647953402
-0.00852272243027147
-0.027457323456417
0.0326433338158504
-0.0365249714648664
0.0315235056726135
-0.0214029040854711
-0.0221327395407418
0.0448129032258066
-0.0154108528142909
0.0404375000000007
0.0286340730149712
0.047288317106608
0.0492888888888888
-0.0293553503780322
-0.029181041647241
-0.0155399805750242
-0.0657932168848568
-0.00223999999999958
-0.0555851575897877
0.0301230769230775
-0.0175102398168165
-0.0241574166515028
-0.0396363636363641
-0.063330158325395
0.104648239776469
-0.0649241155434074
0.0222000000000016
0.040415384615385
-0.00500569998371363
-2.35740235740237
0.186999999999999
-0.565866666666667
-0.265500000000003
-0.0011142873061206
-0.289560000000002
0.198119603760795
1.26380000000001
0.0104625065390669
0.510151275378193
0.115559999999999
-0.740486772123966
-0.0217333333333306
0.954452386130963
-0.214200164769357
0
2.53125632814081
-0.249272840578564
-0.00554285714285793
0.0394286277551896
-0.185485979265682
0.0285857244949024
0.0911636363636345
-0.13008013008013
0.00766666666666656
-0.0165999999999755
0.0727579330304909
0.838999999999999
0.220377118756232
0.00964999999999883
0.0147428571428573
0.0241861985564846
-0.0125666666666676
0.594240594240597
-0.0356666666666694
-0.0183000457501157
0.0596623135552696
0.39158543458183
0.11900587810663
0.197139044722154
0.0842666666666661
0.261000118636417
-0.0880434399811118
0.197177777777778
0.0685634805375441
-0.0937551411456171
0.0648333333333332
0.0612857142857136
-0.0926234712173745
-5.99999769230689E-4
0.00159374501954643
0.192746466882343
-1.81395770688408E-4
0.0297946584351089
0.0951680489291887
0.147104283867701
0.0309157081165568
0.120422222222225
0.109748702662334
-0.0291315022855211
0.186871570553455
1.17462283845715
7.89617424863366
0.369324659072404
0.086736034694413
0.0172444444444449
-0.056072727272728
-0.0341871613039127
0.0671191003218925
0.0270000000000017
0.0440728074051044
0.114529411764705
0.100564321630116
-0.0481498905684305
0.0271936361085038
0.0992911448824435
0.0222973575604257
-0.0185807050990484
-0.0744727272727258
-0.00132499999999869
0.0573411764705888
0.11302974420513
-0.0182285714285716
0.19886889694176
-0.128666666666665
-0.0407666666666668
-0.0523198953602099
-0.0933052631578946
0.172297329991386
0.025459528268995
0.073910331814916
0.0586181818181831
0.0143442194051612
0.133973334564105
-0.0416471813152408
0.120633333333335
0.00932941176470587
0.0980111111111122
0.162804480964681
0.0141529828028908
0.216186824416174
-0.0168428571428577
0.0886474339044256
0.0348875000000004
0.0217180683902759
0.110667849642873
0.113627772744454
0.10392025980065
0.0592400000000003
0.0725472721978605
0.0936355695163815
0.159236363636364
0.0889948351211771
0.0280499362501464
0.118479999999999
0.071582764310357
-0.0714970048290469
0.496680000000001
0.0916551408085735
-0.00670283799189197
0.356175222609513
0.0299555555555554
0.109122222222222
0.0872266666666673
0.0686034489224124
0.122099618438693
0.0449454545454551
-0.064730383093915
0.022662792392021
0.0887552218880546
-0.0446124999999997
0.0289846711243678
-0.0176166666666674
0.0210250000000012
0.113255555555555
0.0572086707788394
-0.0086869527448033
0.00775999999999932
0.34167241666144
-0.108583333333333
0.16149482183938
0.0597375
-0.0258399999999988
-0.103399999999999
-0.0644272011545971
-0.196239342707558
0.394533333333336
9.69230396450048E-4
0.09147928250996
-0.0887099556450211
-0.0194666666666639
0.0521777777777781
0.0136307692307697
0.0559000000000021
-1.22831754336491
0.133316666666667
-0.175019912490047
0.0894000000000003
0.351112719445447
0.138768316349012
-0.127930379160702
0.323895511349777
0.0224869467448071
-0.0994499999999965
0.481799036401923
0.0870413492960861
-0.022523094248534
0.259399999999999
0.266953743479328
-0.166800000000002
0.0745909429958837
-0.0768888888888893
0.175933333333334
0.370168615878218
0.400000000000005
0.300450187781367
-0.0734571690918439
-0.0585598828802342
0.0415600000000005
0.0386571152449197
0.0665999999999967
0.439050000000001
0.700351750879389
-1.9774
-0.397320158928065
-0.0783231371716426
-0.141599716800567
-0.471429244898919
0
0.250133333333332
-0.642674196657258
-0.490319019361965
0.020400029142903
0.18530407412163
0.158759920620038
0.404858585377305
0.304384849526807
0.32519983740008
-0.0666799999999981
-0.137325343313358
-0.380599999999998
0.194836186512555
-1.40160140160142
0.226559546880909
-0.164474794406509
-0.738866666666667
3.2081983959008
-0.334274582156774
-0.681172401674849
-0.0666000000000011
-0.0808222222222218
0.14413857241429
-0.172740000000001
-0.126200000000001
0.756478487043026
-0.123899845125193
-0.0751676166688758
0.0217609225343355
-0.204150000000003
0.0272842248864306
-3.81818355372059E-4
-0.062185736494906
-0.170146088405349
-0.1309
-0.196443774172362
0.0332293628979956
-0.123742857142857
-0.352733333333332
0.0338250000000007
-0.119846153846153
-0.0787636363636372
-0.0535091881985243
-0.0749891518050858
-0.110357894736841
-0.0370695652173905
0.119565476011904
-0.0994497739777869
-0.0786290765144473
-0.175162499999999
-0.122284850547789
-0.199633617800814
-0.184409096541514
-0.11415
-0.159247619047619
-0.0158511996539537
-0.255090909090909
-0.108510271275678
-0.00686398627202766
-0.0509882352941173
0.0966720386688157
-0.0308768755740378
-0.213654545454546
-0.117112573195358
-0.0502461538461551
-0.0228299885850074
0.0430142857142865
-0.086989473684211
-0.0809878380243232
-0.0232363636363624
-0.107464324094402
-0.167279999999998
-0.0928590966444021
0.0392199999999985
-0.137685714285715
-0.00746088578453454
-0.0301786591943426
-0.0926000000000007
-0.135843610388137
-0.122399677895584
-0.0195808068861668
-0.0694166666666662
-0.084971063583752
-0.0616747189174913
0.0424111111111111
-0.00759641500640158
-0.0445123608988724
-0.0154133333333325
-0.13713572572855
0.121154079142458
-0.0110037528231086
-0.0853874999999993
-0.0502148148148152
-0.0944374999999997
-0.00854211650278474
-0.00652941176470738
0.0126620907967085
-0.130433596839484
-0.0660451584053618
-0.0747103448275853
-0.0176707532570159
0.00374768654202148
0.0396674504156874
-0.0140170361883364
-0.0313425432252048
0.00819512195121948
-0.0752375492697536
-0.0283135135135142
-0.034913513513513
-0.0263548387096773
-0.0162789366585944
-0.0281476001433013
0.0476599029680908
-0.0349500281855063
-0.0299165477535198
-9.0252024998285E-4
-0.0251061224489797
-0.0114515407678164
-0.0695676230133993
-0.0169714285714287
-0.0263939393939395
0.0174494015003523
-0.0339888078274816
-0.0276231884057973
-0.0325402597402598
-0.0048950204094929
7.52884977348483E-4
-0.0133179487179485
-0.0156718207227106
-0.0242679611650485
-0.0188642667380026
0.0148616999531187
-0.00726156535905494
-0.0127790476190475
-0.00526627066779818
-0.0150878048780486
-0.0180328273073225
-0.0205436716587012
-0.013311111111111
-0.00732170090286189
-0.00999303689146014
-0.00166194322578936
0.00521961332022281
0.00355616068492433
-0.00956216216216225
-0.0166378378378379
-0.00333436245754864
-0.00354333297920242
-5.26153036687557E-4
-0.0071371986518729
-0.00472786616989185
-0.0121091086643822
-0.00947074215563471
-0.00716838719609877
5.63281249999978E-4
-0.00794432248825876
1.12364811086694E-4
-6.88399870533458E-4
-0.00220160987555673
-0.00359933524302282
-0.00121302931596093
-0.00740787878787874
-0.00327582089552235
-0.00258505747126431
0.0035421348314606
-0.00160400000000003
-0.00263894736842109
-0.00245459059394223
-0.00433476032003443
-4.97297297297282E-4
-0.00233999812800154
-0.00274152197393316
-0.00456933638443938
-0.0056785714285714
-5.97468354430359E-4
0.00234283942083744
6.47432869887085E-4
-4.52852755968999E-4
-0.00209330783938814
3.83769722830893E-4
-0.00212862318840579
-0.00104929078014184
-7.43177572612247E-4
-0.0031980066445183
-0.00174483598963548
4.27725856697813E-4
-4.40638821448417E-4
-2.95778748180467E-4
-0.00121242234589427
-0.00173541076487252
-0.00180055229804792
-0.00308288770053475
-6.18204804045509E-4
-0.00130657292286726
0.00154630541871919
-0.00200225583291439
9.98847926267286E-4
2.45009163342699E-4
-0.00343005536419542
-5.89502370668145E-4
-0.00167419354838709
-0.00152049087488796
-0.00121470101676551
-0.0113388757446252
-0.0163932755058389
-6.06462882096071E-4
-8.59313116490049E-4
-0.00115068129167254
2.31122654458491E-4
-8.56803797468367E-4
-0.00103776223776223
-3.30142109199705E-4
-0.001361317375081
-0.00217116396309644
-0.00135800535302009
-0.00171374916163648
1.74839537869045E-4
-0.00178437102922491
-0.00157149907464529
2.54232664714763E-4
-6.70629782224835E-4
-6.67021221842888E-4
0.00104806629834254
-4.42939448893457E-4
-6.7091597576113E-4
-6.89562982005138E-4
-0.00117219730941703
-5.5611584762898E-4
-4.50987682793083E-4
-6.7339356000239E-4
-7.29529219841126E-4
1.5704545157113E-5
-4.8936161024671E-4
-4.75777640963777E-4
-5.58944765045343E-4
-5.23920479096082E-4
-9.31459797033561E-4
-6.59285875896867E-4
1.59621571330887E-4
-9.84106839597561E-4
-3.71011396011394E-4
-4.50704225352126E-5
-8.71448890541964E-4
-1.7251689589855E-4
-8.11379815711224E-4
1.8168474792597E-4
1.76618821889416E-6
-1.83772506131393E-4
2.51985740763697E-4
-0.00102650887573965
-4.82003494467096E-4
7.86100825975596E-6
-7.80681404978476E-4
-8.18820924439524E-4
-6.79633620689652E-4
-8.35557993047705E-5
-6.10954962812475E-4
-4.47609147609144E-4
-3.70306997269943E-4
-4.46905537459282E-4
1.16723884256969E-5
-2.59188101308357E-4
-8.31546037280532E-4
-4.50311750599516E-4
1.42554693013361E-5
-1.66904558441042E-4
-4.89568014705879E-4
-3.3229486528617E-4
2.88092118780522E-5
2.26807131209814E-4
-2.60300323329021E-4
-1.18800851250194E-4
-3.33834351883668E-4
-2.62771745264917E-4
-5.40628837974698E-4
2.40063287249164E-4
-1.42769041618971E-4
-7.44265528458751E-4
-2.92189526878772E-4
-3.98436308161705E-4
-2.48402732922546E-4
-4.16016175090884E-4
-3.28713876818148E-4
-2.3163466704778E-4
-2.44514408884809E-4
1.34491931193473E-4
-3.6555260831123E-4
-2.2028782028782E-4
-1.2941454584985E-4
-1.63183416442362E-4
-1.58121243223195E-4
-3.37011715979688E-4
-3.58866551190085E-4
-1.1787728026534E-4
-1.59971401760579E-4
-3.87878906256356E-4
-2.34057031756317E-4
-2.35978566614284E-5
-3.52394410425498E-4
-3.80306837411602E-4
-3.4689591425125E-5
-6.92683568023456E-5
3.80301011269028E-6
-9.16076540605701E-5
-1.21590232281121E-4
-9.13344353234526E-5
-1.75843415345615E-4
-8.24613789860334E-5
-3.97179450280662E-6
-2.73920617234453E-5
-1.83240242485463E-4
-2.07116548001788E-4
-4.8332280628527E-4
-2.418718541695E-4
-4.92110806726542E-5
-1.20484332645347E-4
3.71402042711312E-6
-3.07227618246032E-4
-1.04053981754667E-4
-1.24169381107492E-4
-4.3351954736063E-5
8.0659898477156E-5
-3.09936467598474E-4
8.20499873769266E-5
-7.60733115741892E-5
-1.69418456590112E-4
-2.04704116101587E-4
-2.42796292581347E-4
-4.11379449007634E-4
-1.46522781774571E-5
-1.10113471457711E-4
-9.53432059685305E-5
-1.16016682106521E-4
-1.28975200776008E-4
-1.75830535941659E-4
-1.50473113316411E-5
8.48608745031224E-5
8.91240711551451E-5
-1.44057034097589E-4
-2.09361779597327E-4
-3.86279305719627E-5
3.5678415887192E-5
-1.93878964132391E-4
-6.20577382244418E-5
-2.51774262505346E-4
-6.35118043844833E-5
-1.56576762412287E-4
-1.2645983495247E-4
-2.60793600673614E-4
-2.60009031892679E-5
1.18051456546649E-4
6.48117154811725E-5
-1.53124085129627E-4
-1.29861609431061E-4
-1.04777121174484E-4
-8.26017521399195E-5
-2.32966806175624E-4
-1.98679130258077E-4
-1.56501739966493E-4
-1.60326653883983E-4
-1.95274326057793E-4
-1.51376102475923E-4
3.03098229165655E-5
-3.79601707244232E-5
-1.19004828195887E-4
-1.0819420568553E-5
3.575343783056E-5
-1.46368364504198E-4
3.1858306389683E-6
-1.58312576380919E-4
-1.16453857114917E-4
-4.49603318544987E-5
-2.31884863817918E-4
-1.10411640182293E-4
-1.13814770968036E-4
-2.55756814921091E-4
-2.75680126065661E-5
-5.91253963627361E-5
-1.97125077458828E-4
-1.04027375625165E-4
-1.86711875071003E-4
-2.09539069779594E-4
-1.24245307499352E-4
1.82997352706832E-5
6.13113919755713E-5
-9.73421364482804E-5
9.60270498732022E-6
-1.01197045589608E-4
-2.15923765794203E-4
1.42752777381357E-6
-2.22742806283952E-4
-5.58450300416342E-5
3.51326411000348E-5
-1.3577317115523E-5
8.29849899460162E-5
-1.17884004679926E-4
-2.11067260055422E-4
-1.04454685099848E-4
-1.98728767307321E-4
5.00674239102562E-5
-1.88804266911005E-5
-2.2011447260834E-4
-1.43176587187817E-5
-1.95262853841706E-5
-7.05795070480591E-5
1.21097601051592E-5
-7.31914199494324E-5
9.94024593262184E-5
2.76309138900701E-5
1.76867357521158E-6
7.30374927960913E-5
6.38275405521746E-5
4.63254497083296E-5
-2.00963973531367E-6
4.70662675525047E-5
3.97855462021791E-5
3.71271965178145E-5
-9.4809744968632E-5
7.11864406779648E-5
2.21639203158234E-4
2.03725697010971E-4
4.1947242126588E-5
-3.64208260905588E-6
1.45838362481592E-5
1.93391310148166E-4
2.61319339072992E-4
4.51186755638147E-4
1.40460610181016E-4
1.72849551221746E-4
1.60698005333879E-4
1.25189880937227E-4
2.71280369229742E-4
1.72380496570022E-4
-3.92727884858156E-5
1.13969032913105E-4
1.8444972019671E-4
8.34073209710557E-5
7.46905567856941E-5
1.25406113317159E-4
1.83981847214051E-4
7.46940109075385E-5
6.0154543927431E-5
7.05595288178373E-5
6.20038382523255E-5
5.80418927294805E-5
-1.3531594759032E-5
-1.05132982945762E-4
-1.13944817300522E-4
3.36788632971305E-5
-1.21504211892499E-4
-5.17072286277061E-5
-1.03074126036678E-4
-5.99059682870196E-5
-7.25863109259664E-5
-1.55944292637019E-4
-1.50250719276613E-4
-6.78021618080509E-6
-9.24017178724804E-5
1.40563876506248E-4
-9.953434225844E-5
-1.99494422799362E-4
7.48825248980277E-6
-2.80303662300736E-6
-7.94151852467181E-5
-1.33274278599066E-4
-1.65255230125522E-4
-8.40914679124666E-5
-1.37829761803125E-4
-1.38182006329607E-4
-8.13407049067024E-5
-1.44766777990505E-4
-1.12629485159258E-4
-3.99455603040994E-5
-1.72216044896994E-4
-1.26655651082856E-4
-9.71632531353746E-5
-1.43613827222456E-4
-2.11084831425308E-4
-9.92235228489419E-5
-1.12015120151201E-4
-2.04764502636844E-5
-2.34833011316589E-4
-1.4966263432152E-4
-3.24395029431E-4
-2.5633863951612E-4
-2.42379463862841E-4
-2.13770628865684E-4
-2.35685458745938E-4
-2.26066764539374E-4
-8.48198281124366E-5
-1.45137824299648E-4
-6.19286637017162E-5
-1.05655252304343E-4
-2.39896021043932E-4
-2.26994416532656E-4
-1.39879833821784E-4
-3.08415109298786E-4
-9.77431267952389E-5
-2.32383124287344E-4
-2.52417178892754E-4
-1.23131363811387E-4
-3.38784532994113E-4
-1.50858184024102E-4
4.334433467318E-5
-2.06825711880507E-4
2.06490331184728E-5
-3.54871562747532E-5
-1.66813543599256E-4
-1.62250179534363E-4
-4.31399838536253E-4
-1.90180505415162E-4
-1.8771773662286E-4
-1.00989364333415E-4
-2.82675338948787E-4
-2.80960854092524E-4
-8.91304347826099E-5
-3.39433903676467E-4
-1.58618814573136E-4
-2.81376297105405E-4
-4.49854751694537E-5
-1.50503943203312E-4
-1.70656144427915E-4
-3.34972359615943E-4
-3.19834710743805E-4
-3.33225811825247E-4
-8.86623752038687E-6
-7.35819435985389E-5
-4.42882293644287E-4
-3.58075154220166E-6
-3.06238716861715E-4
3.17701679081969E-4
3.69339750485225E-5
-5.07949406504634E-4
-8.79421365218623E-5
-3.39696973451109E-4
-1.46130254374867E-5
-3.52057589532359E-4
-4.01303295475701E-4
8.20588759967247E-5
-3.66246250247376E-4
-1.52089589963123E-4
-2.18880083212621E-4
2.37622368064086E-4
-1.27713382507905E-4
-2.44592660944481E-4
-7.6450482033304E-4
-1.01175948524514E-4
-5.13664292876057E-4
-2.31944151226254E-4
8.00420305399302E-5
2.05037573812299E-4
-3.39882077650945E-4
-1.55013917138108E-4
-1.64628360569315E-4
-3.52121048365305E-4
-1.69837429385266E-5
-1.02660428071419E-4
-4.02420140911441E-4
3.90630815173831E-5
-3.23992673992674E-4
-6.92996845425869E-4
-7.2547387356355E-4
-1.55083056478406E-4
-3.70482758620697E-4
-5.22330774598741E-4
2.52040628949388E-4
-8.61191575980564E-5
-1.7594501718213E-4
-2.77146200295067E-4
-3.11123381066124E-4
-4.2428919577579E-4
-3.95551106098434E-4
-5.32248864660572E-4
-1.94582392776527E-4
-6.72011251758088E-4
-6.05687203791464E-4
-9.25735126951191E-4
1.49798774007346E-4
-5.73643410852753E-5
-5.19864317570223E-4
-8.29042712825E-4
1.86328699732345E-5
-9.27345447305393E-4
-9.00848378849431E-4
-0.00106953223767383
-0.00123863785199738
-9.63537414965991E-4
-2.29873772791016E-4
-0.00164614613523937
-8.0645284255948E-4
-4.45318759072564E-4
-0.00202966355585104
-0.00302994913977675
-6.62269532902025E-4
-0.00212098540145985
-6.38546324513678E-4
-0.00212192585991045
-3.33894736842124E-4
-0.00100319963520014
0.00123779208312288
-0.00109189657431022
-3.00480120192056E-4
6.34541307231918E-5
-5.15583029571209E-4
-5.55545459247653E-4
-0.00310097712242784
-0.00426905818730853
-0.00246093391758234
-0.00372091052639297
-0.00235423728813559
-0.00211276595744679
-0.0010021978021978
-7.2596899224805E-4
-1.82178217821745E-4
-4.0861681124622E-5
-0.00118399999999998
-0.0019085686178498
-0.00295459231305608
-0.00767714987714987
0.00194123459675311
0.00118369954750182
0.00340398860398864
-0.00743862867910259
-0.00500848484848488
-0.00128553054662379
-0.00354522400131467
-0.00313593400007366
-0.0014875722040565
-0.00784150943396222
-0.0113115173362887
-0.00414825570479041
-0.00698809155245862
-0.00935636363636357
-0.0137493087557604
-0.00838929933327812
0.00408333333333331
0.00139024129410645
0.00540309674630662
-0.00117299642465056
-0.00683207781979524
0.00718899956750674
-0.0114762683701112
-0.0027999999999999
-0.0105211678832117
-0.0105818456671314
-0.0108256
-0.00737345132743367
-0.0300269230769229
-0.0037167797707315
0.0032411494973086
-0.0228086724941057
-0.0238414370862277
-0.0102118617438188
-0.00252255426491668
-0.00133689255490636
-0.00139117647058808
-0.0182843688551512
-0.0156476190476191
-0.0214800122742926
-0.0137406517908505
-0.0332249999999999
-0.032617197924661
0.00289746652059074
-0.0201538461538466
-0.00885936807861844
-0.0702335173192187
-0.0190722222222226
-0.0230467927796719
-0.0416045454545453
-0.0704512820512817
-0.0117263906188878
-0.0326300000000002
0.0310058367561226
-0.0115419354838707
-0.0622560622560619
-0.0298499999999994
-0.0883200000000004
-0.0854100000000013
-0.0928874999999996
-0.0984718030563942
-0.0892361608269081
-0.277559861220068
-0.287923509430676
-0.109327272727273
-0.147053333333333
-0.0362941176470589
-0.01901405772668
-0.338286442854866
-0.349579131357436
-0.00416248699222711
-0.259468876045214
-0.0477866666666683
-0.574999999999998
-0.0583076923076917
-0.133783333333333
0.0477530816267116
-0.0618999999999996
-0.139148128582887
-0.353912805625899
-0.117589304707826
-0.0535999999999984
-0.292938686875916
-0.0666560416998692
-0.121510069387321
-1.11797302567575
0.0595413515922104
-0.20959473410216
-0.0801884711425609
-0.506080000000001
-0.0354769230769246
-0.240085714285715
-0.135082712040442
-0.52233333333333
-0.100974999999999
-0.125039999999998
-0.190299999999999
-0.441079999999999
2.42670606676516
0.114900114900114
0.295700000000005
0.293150000000004
-0.271623369633311
0.138391244177717
-0.648240648240653
-3.39130287333404E-4
-0.14393788140073
-1.27823744352512
-0.0764999999999993
-0.0801666666666664
-0.177988130595216
-0.206179055883714
0.989401413430582
-0.177276854893519
0.0515999742000152
-0.355905672996662
-0.369533333333329
0.646372351960501
0.409133333333328
-0.0173500000000004
-0.0119052694238269
0
-1.67479999999999
-0.364472395934185
1.23555308888272
-0.571457959225658
0.175700000000001
-6.05100605100602
-0.339649999999994
-0.106860106860111
0.0382800382800333
1.83300183300188
1.66800166800167
0.534374332032085
0.713399108251112
-5.72579713710145
-0.0405749999999983
-0.198054635479379
0.845038309923385
-0.211842705826635
-0.310242635540976
-0.265456953245033
0.00457500285937678
0.287399640750447
-3.37560337560337
0.458400000000001
0.0625200625200618
2.57520257520261
1.3504
0.241015291917194
0.0501600501600484
-1.00371571959388
-0.130599999999994
0
0.125799999999998
1.55430388575972
0.517874352657058
-1.31699934150032
0.110828729755327
0.337799692909367
-0.124980124980126
0.179662612289132
-0.0913142857142876
-2.09999895000051
5.60880560880558
0.675660675660676
0
-0.0803998995001261
0.226600000000001
7.92360792360787
-0.236050000000003
0.227192220310684
-0.153377777777778
-1.50359924820039
-0.890401272001811
-0.0858001225716062
0.125828571428571
0.00356842293074845
-0.3125
0.0448666666666675
0.355971174306303
2.38440238440239
0.851199999999999
-0.0442737075124788
0.46735
0.059549970225012
0.190568356672119
0.0467999415000666
0
0.0671140939597319
0.377442587541006
-0.16147510092194
-0.341599999999996
0.342705680761365
0.241093975827074
0.838581055835404
0.439164447550326
0.700199124751092
0
-0.0824571428571451
0.23660988169506
-0.164100000000005
0.126808640517982
0.119157078802916
0.501751254378126
0.0207999999999942
-0.108323160248583
-0.0215454643388481
1.26011747976504
0.113588246890724
-0.592285291224793
-0.0652800261120097
0.197850494626234
0.078240000000001
-0.0559428571428582
0.233239999999999
0.193380193380189
0.106693333333334
0.321840321840325
0.408086297266136
0.249999999999999
0.115633333333334
3.07919846040077
0.00414999999999832
-0.128571474489811
0.0357899821050103
-0.0140048438906222
0.0634000000000015
0.6298
0.277199999999986
0.392099803950096
0.0343498926565857
0.042911111111111
0.0510375318984537
0.261020196839344
-0.0607743895948045
-0.0850421500221846
-0.00918947852077807
0.287188066359963
0.0653000000000015
0.0495406744342564
-0.0911585892556589
-0.204708625662214
0.0532434551115414
0.056040000000003
0.337499999999998
0.088086724558716
-0.144128468479667
0.540060540060537
0.16004
0.289933333333329
0
0.255542857142859
0.0605333333333332
0.0500500000000015
-0.183720073488028
-0.1172570591021
-0.0489000305625164
0.0347646854325385
-0.0388311286527234
0.0739685188483794
0.0606571428571431
-0.0853818181818188
-0.618718762562467
0.0968308437160326
-0.238071258520531
-0.432138793952919
-0.0777999999999945
0.176899999999997
-0.132214191275578
0.00642222222222383
-0.00839998320003534
-0.011582603659737
-0.0656117261107482
-1.20839939580031
0.051230808639083
-0.242345234231606
0.182099908950045
0.0276375172734445
-0.020999992758622
-0.0684856653673814
0.17948597069424
0.287549640562948
-0.206287628929772
-0.0976571428571406
-0.135884282044359
-0.0113454545454546
-0.0883799558100229
-0.0979498775626552
-0.173279913360043
-0.192479903760046
-0.136835213626346
-0.12240007650005
-0.104836411289279
-1.05780105780103
-0.0975714285714296
0.100559999999998
0.0671636363636371
-0.142857142857145
-0.0943999999999992
-0.226740226740228
-0.203014140704185
0.106349867062663
-0.0656131148810158
-1.28329999999999
-0.0210799999999978
-0.276525172828233
-0.138419930790035
-0.135469506317605
0.00244285539796311
-0.285211596934353
-0.0964999999999994
-0.155266666666666
0.0430615715858256
-0.120125000000002
-0.0416999791500065
-1.01220253050634
-1.04099947950026
-0.026720000000001
0.1396
0.00335999831999887
-0.0642666666666673
-0.82037260053229
-0.167633333333335
0.20232
0.0920499999999991
-0.276256945530751
0.192399999999995
0.175700000000001
-0.111553931964562
-0.0823800823800812
-0.157866666666668
0.267000267000284
-0.156359687280621
0.103499948250024
-0.731899999999994
0.13517133202048
0.392223298692181
0
0.19332
0.283199742545688
-0.366599266801465
0.180149774812789
0.418886312694732
0.0824726522975865
0.0395571569846992
0.148800148800164
0.0631715188164544
0.502201255503138
-0.0583499999999981
0.544333333333338
0.0867000394091088
0.328199999999999
0.424058574083194
0.101953806940843
3.31589834205085
0.578072201752542
-1.25855748288503
2.07600207600209
-0.216200000000001
-0.0248000000000026
-0.864602161505406
0.427000000000006
-0.235690694826642
0.0583715119593007
0.285150712876778
-0.286417921438252
0.157684554736709
0.132700000000003
-0.0208499739375359
0
0.546299726850158
0
-0.215099999999993
0.0523635887603729
-1.89827620344759
0.256162660101664
-3.07109846445076
0.231514120347055
-0.00496363861983434
0.227345247867954
0.157333333333334
0.0505199999999988
0.163850000000001
-1.12187775624448
-1.99229900385051
0
0.0583125364453359
0.127119999999998
0.0865198269603427
-0.127930379160704
4.49880449880445
1.82849908575046
0.615499999999996
-0.151500000000002
-0.27962986018507
-0.368646841972446
-0.940500000000002
-0.128699999999998
-0.583499270625911
0.408387995065885
-0.44705413904169
-0.27801830819014
0
-0.430166666666665
0
-0.35172
-0.258319999999998
-0.521924347594564
-0.275656945959326
0.380829115470167
-0.183214154847032
5.56560556560558
-0.449308037929258
0.543857919797032
1.22999754000492
-0.197400123375078
-0.785572550817934
-0.683401708504272
-0.364894928892067
-0.353460353460354
0
-0.382000000000001
-2.53319873340063
-0.224199999999997
-1.32712334109582
-0.103105317423849
-0.795515422164889
-0.739600000000005
-1.4864
-7.59960759960761
-0.776366666666665
1.1652
0
-6.26700626700632
4.5748
-1.2074
-0.530684489833942
-1.21512121512121
14.4186144186144
2.92335730839327
-1.41883059832943
-1.53426666666667
-14.2098142098142
-1.18949851312686
13.2672132672133
1.9402
4.3690609226523
5.05600000000001
3.81660954152385
-8.91689554155223
-2.50483214976021
0
2.17059999999999
-2.42649999999999
0
3.39180000000001
-2.41071772959676
1.8031818031818
-1.71594171594172
-1.77738177738177
-7.32029633985184
4.02106005265013
3.5666
1.8897726377842
-16.7250167250167
-5.75280000000001
8.24189587905206
-2.60254657506654
-3.8106
-15.6492156492156
1.37586137586138
-6.0562
0
-6.96719651640174
-2.5568
2.0449474438157
2.749794500411
3.18839362321276
14.5260145260146
-1.40678053929041
5.4138
5.00559999999998
5.10000000000002
-6.60839669580165
-1.45320145320145
0
4.133
2.8762742474515
-4.71091177727944
1.2166
5.589
-8.15429592285202
1.71766666666667
2.01659747925315
1.2771
17.1330171330171
4.12066030165075
-6.76199661900168
-1.51303498815001
-2.11867235165956
-14.5008145008145
-7.67939616030192
4.82519999999999
-2.4582
3.18750796876991
-14.2344142344142
2.0124
1.78578178578178
3.53130882827208
2.23114604449435
-5.11651279128198
-3.20999358001284
-3.30840827102068
18.0984180984181
17.2092172092172
-2.39579999999999
0.8853
1.12971347877609
2.32760000000001
-7.22519638740179
1.348
5.08079999999998
-8.06189596905201
4.57276143190358
-15.4674154674155
2.04900292714704
0
-7.15019642490181
-1.16400000000001
-2.20327224590969
5.00220000000001
1.65007293740883
-1.72477284403394
-1.28552610406718
-2.78495443009114
-8.26229586885209
1.36876239203419
-2.26680000000001
-2.56007487985025
-8.7497956251022
-2.72855454289092
-14.0838140838141
0
3.35025837564594
-11.8344118344118
-5.32280000000002
2.19440000000001
0
1.57953333333333
-16.9656169656169
8.3576958211521
2.943
16.3830163830164
-17.3821973821974
-1.68565955094222
7.94579602710198
2.89175421649157
3.72520000000002
-3.4233085582714
4.7024
-5.61139999999998
5.8442
-7.41659629170187
5.74780000000001
7.1795964102018
7.6091961954019
-1.60603490360463
3.96367607264785
4.29705999999999
2.4485951028098
-16.1677961677962
-3.08639382721234
-1.61159798550252
3.18335363329274
2.6361
3.7754
0
-1.89074763656546
-3.39570848927123
4.2198
4.14140000000002
-6.89549655225172
-15.8826158826158
1.07182366022042
-7.5629962185019
9.13688543155731
-4.57459999999999
-13.5000135000135
7.05809647095173
-6.51179674410166
15.3654153654153
-10.7514107514108
3.90180975452439
3.09515380969238
0
2.02757432510617
2.14343571312857
8.64209567895217
3.16440791101979
1.0646
2.00933333333334
