0.00617430250443647
0.00293410991804752
0.00275347530190929
0.00547638606584358
0.00743018977938842
0.0054780237151385
0.00648959026661863
0.00403603986688445
0.00272585399822733
0.00610495252696302
0.00530593293971705
0.00423666180852816
0.00642077398331362
0.00419320809023726
0.00400688313022424
0.00354894315347668
0.0031391295168726
0.0037699316986886
0.00442544988740206
0.00146653936710308
8.95543050229866E-4
3.73288473404975E-4
0.00175400771214541
0.00175143351962551
0.00255899354860863
0.00291980488384828
0.00270841645204154
0.00336935947945589
0.00402707371397504
0.00385903010131785
0.00395774430379581
9.84684446549431E-4
0.00744119641476548
0.00447055234848344
0.00382508474391022
0.00326511909917667
0.00191400654505949
0.00446664589971314
0.00589005655026731
0.00770417907358093
0.00931692542322629
0.0102372531964215
0.0100031122972498
0.0139140010906803
0.0124899916907952
0.0136012894616583
0.0150698238611523
0.0134003031135048
0.0152286854911958
0.0130471539477607
0.0133298044611307
0.0089763596730249
0.00948624647909961
0.0129074050520815
0.0124267156176951
0.0170049456692227
0.0116169163517542
0.0117863790072528
0.0132791480755646
0.0128815309727924
0.0117130151848629
0.0105533125959764
0.00839245428865346
0.00857186515658995
0.00855714357202463
0.0106236901205228
0.0116647744949197
0.00984966396101357
0.0106922393567863
0.0106814690711192
0.00919048490423091
0.00802847401497978
0.00807433542600068
0.00821537256530471
0.00566030527284646
0.00706713336163044
0.00421252422502654
0.00404364630172914
0.00380655041486232
0.00675269771702688
0.00320940790878567
0.00322669170171162
0.00175361915205329
0.00164651228091545
0.00224680652383415
0.00171593717315305
6.82375010442047E-4
-8.42858175866858E-6
-4.93611808231181E-6
2.46471282748014E-4
0.00168936979982697
5.97766875462962E-4
-7.19509516290344E-4
-5.24680695517749E-4
-0.00140984282906561
0.00194388823968006
0.00236871994236444
0.00415967807603184
0.00163926944931473
-6.5154579610055E-4
0.00157914276126062
0.00151930615348708
0.00212738417028513
0.00443480531460586
0.00296851297616021
0.00407135792387603
0.00618786174482504
0.0106280137309587
0.0203683280583928
0.0070813871710425
0.0047997704870344
0.00663014147592061
0.00924358196519288
0.00964068432140504
0.0101289173510105
0.0123235526209127
0.0134603690069844
0.0117232850753529
0.0168289565020408
0.02142995945871
0.0209709150034175
0.0242194046030879
0.0415372050363715
0.028786837959076
0.0186033794899659
0.0194937655981503
0.0188887302415088
0.0150758724961575
0.0121430172122692
0.0101383635942071
0.0102544806498275
0.0145141619579722
0.0301798349207663
0.0176509702606987
0.0137135611287356
0.0200655306109681
0.0253444965264024
0.0150035199649751
0.010531340063083
0.0175592516255787
0.0404848707206977
0.0236975503904092
0.0156248406593916
0.00656779196910339
