-1.45446784291405E-4
-3.62094176210512E-4
-3.63142821128416E-4
-2.83989424206814E-4
-3.81972124836635E-4
-1.68094667465549E-4
-3.14945114243013E-4
-3.95885579818476E-4
-2.67054500918553E-4
-3.74493263802418E-4
-2.87456883035436E-4
-3.97054553923804E-4
-2.42956861695707E-4
-4.56132714736519E-4
-3.15640320419203E-4
-1.83843806302165E-4
-2.05277200500395E-4
-3.68242280203457E-4
-4.3713640145805E-4
-4.53997886579782E-4
-1.91160185354422E-4
-1.29954258692108E-4
-3.98426637394803E-4
-4.20051890289104E-4
-2.21263942776306E-4
-5.01382488479263E-4
-4.655981189836E-4
-3.2117224880383E-4
-3.75394658331591E-4
-3.99647250545584E-4
-2.54582319545823E-4
-4.4924518261846E-4
-5.84855180104271E-4
-4.73713905138441E-4
-2.90828224442204E-4
-3.96395917263878E-4
-3.36675579322637E-4
-4.06694514725462E-4
-5.51470588235297E-4
-5.87333333333332E-4
-6.36192271442035E-4
-5.40816773496472E-4
-1.7677772252611E-4
-3.64931783729155E-4
-5.51986391514465E-4
-5.88626365350353E-4
-5.63134560082801E-4
-5.18807029494655E-4
-5.67362502567063E-4
-3.10795616640659E-4
-1.30450353131811E-4
-7.79976303317531E-4
-5.6920564324155E-4
-7.8928352725046E-4
-8.48310387984981E-4
-6.50809061488668E-4
-7.27210539817016E-4
-6.84287616511319E-4
-8.67675718253244E-4
-6.20261888352865E-4
-8.52815720783488E-4
-8.68722390770138E-4
-7.47474597310702E-4
-8.18054887958066E-4
-8.65332488336759E-4
-7.1829492052924E-4
-0.00110786730160249
-7.31903681475517E-4
-0.00101414919011787
-0.00108660068998514
-0.00102299080194211
-0.00137469724658336
-9.83146067415734E-4
-0.0012533393748879
-0.00144359509793732
-6.084888437133E-4
-0.0015529346235718
-0.00142857142857143
-0.00120418454935623
-0.00158643326039387
-0.00143302635905031
-0.00129717615521704
-0.00108221970554926
-0.00159045773474649
-0.00125341463414634
-0.00124688279301745
-0.0020395378690629
-0.00111358966753484
-0.00102157277565409
-0.00159064245810055
-0.00139424632216941
-7.32935340791265E-4
-0.00198497587184717
-0.00225479692983905
-0.00182850393700787
-0.00215103999999999
-0.00174515138772777
-0.00209288194444445
-0.00158207640452618
-0.00194591651542651
-0.00306737451737453
-0.00130886720004257
-0.00272134146341464
-0.00288372131043685
-0.00276256715292323
-0.00238111908141378
-0.00320850988356877
-0.00126899429435299
-0.00306844762513957
-0.00271703163017032
-0.00178032109362582
-0.00450492227979275
-0.00267578227135988
-0.00415544990334563
-0.00507584376736782
-0.00414292146948234
-0.00410750090517149
-0.00362374386398412
-0.00539011211714056
-0.00387010281500855
-0.00291576358988813
-0.00217215897175231
-0.00398864468864468
-0.0056723972767447
-0.00490318356793312
-0.00338583690987122
-0.00507352195070302
-0.0078461417751665
-0.00477627578548622
-0.0057158653846154
-0.00714254406257156
-0.00613278688524587
-0.00715180936069821
-0.00504926589082876
-0.00666021880266642
-0.00821242236024846
-0.00797256088131778
-0.0087284227349374
-0.007686301369863
-0.0113168852583955
-0.0127211344815196
-0.00912645468777714
-0.010009090909091
-0.0107364701335272
-0.0134900179833757
-0.00994453781512604
-0.0150209712707922
-0.0140411124079987
-0.0124585131512065
-0.0165473118279569
-0.0209490201379527
-0.0197620631470606
-0.0174172202529591
-0.0155656319094132
-0.0196617602127927
-0.0157281690140845
-0.0278094839109373
-0.0264281913967908
-0.0137096774193548
-0.0232044327096314
-0.0243976050587982
-0.0178039671568368
-0.0244762066599954
-0.0171335544520598
-0.0240866999322656
0.0155061004400874
-0.0025554725872464
-0.0344818668259769
-0.0338709677419356
-0.0248184512842921
-0.0458343749999998
-0.0540766532730353
-0.0286813619984164
-0.0535
-0.0590426160027829
-0.0290553661413968
-0.0408336989578762
-0.0523035384543766
-0.0538850000000002
-0.0803508661953227
-0.0739384615384615
-0.0846981320370044
-0.0765050434508911
-0.0452000000000002
-0.0762526906317269
0.00517241200951299
0.0626482542592233
-0.0755600000000003
0.0140999999999998
0.100953997274293
-3.23340323340323
-0.260183333333333
-0.505566666666664
-0.491649999999999
-0.459514942164206
-0.178880000000001
-0.706678586642825
1.1333
-0.256256410160257
0.53752634381586
0.26778
-0.511929302756145
0.139816666666667
1.17922794806987
-0.289754069041592
0
0.808352020880052
-0.180313718324417
0.1881
0.649972357103366
-0.333343333347618
0.100596464498737
0.118181818181818
0.36999036999037
0.137655555555556
1.7611
0.203494843944654
0.794449999999998
0.103923835070103
0.0916625000000004
0.129357142857142
0.116668925286577
0.261099999999999
0.231660231660231
0.186116666666667
0.0945827364568416
0.141149558907629
0.189299864785812
0.0963465739169561
0.188412961559582
0.167277777777779
0.152277341944247
0.170295578132357
0.140122222222222
0.043943081947541
0.152690815131662
0.109258333333334
0.0912714285714283
0.0689931837050783
0.113457648670135
0.0911434651766714
0.120721947897156
0.074421103304891
0.0543866989823715
0.14892628685899
0.241304242911198
0.157452217231007
0.114811111111111
0.126242284590884
0.0991260549314345
0.0752712105522918
0.257841024799396
0.136907191752569
0.121431081625481
0.228660091464037
0.182099999999999
0.113636363636364
0.0634785883434291
0.119367890183487
0.149490909090909
0.0593946534448248
0.0771235294117645
0.160714343112266
0.084088445253533
0.123658463414398
0.120471084368331
0.0837813075170471
0.154839209158739
0.0616181818181818
0.15555
0.0892176470588231
0.0980473471980805
0.205557142857143
0.175862008323445
0.145688888888889
0.0950611111111114
0.0903358193283616
0.072221052631579
0.126348794673531
0.108105697582966
0.0600866839824105
0.133327272727273
0.101937446366154
0.065705895588261
0.100491472033742
0.122683333333333
0.0581705882352941
0.0518555555555553
0.0857778395662451
0.0892149682793179
0.139583938800191
0.0642857142857142
0.0715146754812279
0.0704874999999999
0.0696689666704371
0.0641807145091176
0.0996658006683985
0.0941702354255887
0.0840733333333337
0.115685634369513
0.0926473313156799
0.0649000000000001
0.131984140497677
0.0863657128051981
0.0937066666666671
0.051808808280018
0.126339117222958
0.291120000000001
0.136199953034499
0.101425424498787
0.24791265494541
0.0873444444444448
0.0716055555555556
0.0825933333333329
0.0562498995537505
0.105730919590876
0.1601
0.0786839039160562
0.119519658515261
0.0620851552128884
0.0673562500000002
0.0798059227036974
0.12315
0.0961812499999998
0.0669777777777779
0.213052081281705
0.151460803712695
0.10222
0.421226889793736
0.0708333333333333
0.192994838418336
0.0826375000000001
0.0894399999999997
0.121792307692307
0.118913834902256
0.176884441562715
0.475933333333334
0.178199931461565
0.084495545338478
0.259154870422565
0.237966666666667
0.121599999999999
0.0747846153846154
0.18265
-0.543358913282173
0.119908333333333
0.247499876250061
0.135354545454545
0.221868888668056
0.129168346348917
0.156521671077534
0.160878190922527
0.147104283867703
0.265274999999998
0.726658546682906
0.105744791122486
0.294877149905499
0.1333375
0.14038840754292
-0.267759999999999
0.193936451789296
0.0894999999999996
0.189816666666667
0.0298263314875427
0.384724999999999
0.198975124359452
0.151789339924765
0.523318953362095
0.268879999999999
0.351192606290996
0.4125
0.284724999999999
1.32502831257078
-1.3611
-0.200664080265631
-0.343592571994286
-0.796678406643183
-0.511929302756149
0
0.455533333333333
-0.512474359407051
-0.993358013283974
0.540472200674571
0.151332060532824
0.251669874165062
0.284311597463766
0.208961699201308
1.93334903332549
0.178880000000001
-0.101670254175635
-1.3611
0.289390646008504
-3.95010395010397
0.923338153323697
-0.372899533875584
-0.401866666666667
1.9999490000255
-0.72914908856364
-0.611872302674716
-0.211116666666666
-0.104944444444445
0.334615642012031
-0.163329999999999
-0.213485714285713
0.526678946642109
-0.554136807328989
-0.118988648810811
-0.125611888751491
-0.345825
-0.191226416434957
-0.164400074727306
-0.138096477891598
-0.162819168146473
-0.0972250000000002
-0.0788353482036443
-0.0477925767756222
-0.205557142857143
-0.179633333333333
-0.11493125
-0.127776923076923
-0.0593409090909093
-0.0678819416035299
-0.0669641661354176
-0.0821631578947368
-0.0666652173913045
-0.107472376733663
-0.106820211772246
-0.0691095875375915
-0.0558999999999998
-0.0772443793161141
-0.0815551456273497
-0.0702849354020331
-0.0711150000000003
-0.0703714285714286
-0.132949146393364
-0.174745454545454
-0.131662829157072
-0.0713338573322856
-0.0872529411764704
-0.119340047736019
-0.0641029783031103
-0.0616181818181818
-0.267693917308699
-0.0965769230769228
-0.228329885835057
-0.105957142857143
-0.0628631578947368
-0.0666718666562665
-0.161109090909091
-0.13928576403063
-0.241099999999999
-0.109800322942126
-0.14944
-0.102778571428571
-0.079715390685632
-0.0939700128297599
-0.0685222222222221
-0.143238224968176
-0.102631308864977
-0.0794886144011812
-0.095366666666666
-0.0787910523473679
-0.0708986132815123
-0.0787055555555553
-0.0892873405583204
-0.158849503595301
-0.10482
-0.0803338393323214
-0.0935886415166181
-0.0481131167677042
-0.0718750000000001
-0.0541148148148146
-0.0993062499999997
-0.0695171967331538
-0.0918294117647059
-0.0729880568759598
-0.0590882349503444
-0.0839602189429834
-0.043293103448276
-0.0485781080220831
-0.0728214264285746
-0.0516674354157058
-0.0558511232458757
-0.0471950027772251
-0.0308951219512195
-0.03283660115188
-0.0540540540540541
-0.0250756756756758
-0.0381709677419356
-0.0268637981159222
-0.0512942245574994
-0.0157108380323808
-0.0388451926170909
-0.0366678579720506
-0.0306730834679971
-0.0320857142857142
-0.0259730220693387
-0.0166670558879905
-0.022025
-0.0201181818181819
-0.0247058678200779
-0.0270016608929269
-0.0223028985507247
-0.0123376623376623
-0.0150827986050685
-0.0124197175094797
-0.0183051282051281
-0.0197548338821752
-0.00825242718446602
-0.0160050599296245
-0.0127688178877348
-0.0104304290383145
-0.0143914285714286
-0.0113811103396847
-0.0115626016260163
-0.0110958600113425
-0.00921943941340268
-0.00897111111111116
-0.010739831169854
-0.00625443328756339
-0.00715352399662833
-0.0121083254523477
-0.0108017515418299
-0.0109610810810811
-0.00639675675675675
-0.00692561762015993
-0.00663287245721342
-0.00805106453682378
-0.00781219970656205
-0.00669634412953686
-0.00584033114418056
-0.00802378606803278
-0.00633371197463519
-0.0064453125
-0.00493299126827296
-0.0053621784367606
-0.00336438905381559
-0.0053769292502058
-0.00368920298545928
-0.00544723127035831
-0.00478121212121212
-0.00545611940298508
-0.00454971264367814
-0.00485308988764047
-0.00317457142857143
-0.00437131578947368
-0.00352382710240286
-0.00311708208119734
-0.00249803439803441
-0.00337319730144216
-0.00230691889042077
-0.00327986270022883
-0.00220588235294117
-0.0034457805907173
-0.00236473132752118
-0.00265763693083576
-0.00257921480604249
-0.00345239005736137
-0.0035037677292219
-0.00193224637681159
-0.00156613475177305
-0.00247057693959744
-0.00260249169435216
-0.00191097994103836
-0.00228457943925234
-0.00252940462835516
-0.00199737991266374
-0.00247149854188664
-0.00215609065155807
-0.00198377848519232
-0.00195334224598931
-0.00123615676359039
-0.00122720516938651
-0.00186096059113301
-0.00122472831443559
-0.00161923963133641
-0.00192381195056695
-0.00120816788961531
-0.00105210941608597
-0.0016633064516129
-0.00132961697182198
-0.00171447367148123
-9.97446999523063E-4
-0.00129447422793013
-0.00139737991266376
-0.00129705752378411
-0.00103792149992112
-0.00141550297122474
-0.00101969936708861
-0.00151515151515152
-9.39117427075543E-4
-7.6958597421556E-4
-0.00126663032010932
-8.28628441835282E-4
-6.7437961099933E-4
-9.73427471116814E-4
-9.38881829733164E-4
-5.92905613818633E-4
-9.12606763776998E-4
-8.43613890523836E-4
-7.81565418289326E-4
-7.33591160220996E-4
-6.21131635398779E-4
-8.26363174516714E-4
-8.45501285347041E-4
-7.83358246138514E-4
-6.36847102579363E-4
-7.37385099803735E-4
-3.80190416703024E-4
-6.61830401792262E-4
-9.83933377829545E-4
-4.87029671758065E-4
-4.11824079541983E-4
-5.83965375103052E-4
-4.86809108640608E-4
-5.50780640124904E-4
-7.94655765491801E-4
-4.44227729764265E-4
-5.76672669852881E-4
-6.09366096866099E-4
-4.91021126760564E-4
-6.60095672028847E-4
-2.31982440960403E-4
-4.62386614746366E-4
-4.27217613273772E-4
-4.18775842329853E-4
-4.15426797182485E-4
-3.6618662183695E-4
-3.91213017751479E-4
-3.65608619685497E-4
-3.90828823696953E-4
-4.54129048079443E-4
-3.04456130639356E-4
-3.93615301724138E-4
-3.18146502243481E-4
-3.38317374297665E-4
-4.85083160083162E-4
-3.61802705539536E-4
-5.05311951891756E-4
-4.31853849926433E-4
-3.86882802854868E-4
-4.27185921507276E-4
-3.65035971223021E-4
-3.09738884968244E-4
-2.89754509659648E-4
-2.14453125E-4
-3.75235109016779E-4
-3.19110626048033E-4
-3.83425532239138E-4
-1.62741554348788E-4
-2.78739792544969E-4
-3.17391386837618E-4
-2.86167542640894E-4
-2.18465838622051E-4
-2.47835405567771E-4
-2.572443565246E-4
-3.18619425613166E-4
-2.8782040996236E-4
-3.75038138825324E-4
-3.88306849543408E-4
-2.14499014237138E-4
-2.841267144869E-4
-2.99493276552326E-4
-2.97642539649658E-4
-2.69959212626353E-4
-1.97471264367816E-4
-2.82748332748333E-4
-1.90757040582676E-4
-2.48124679001043E-4
-2.39942550636566E-4
-2.4937131529018E-4
-2.12092365708455E-4
-1.85174129353233E-4
-2.38136612862919E-4
-1.97129728647535E-4
-1.0802009073234E-4
-2.84615126001989E-4
-2.39880672005024E-4
-2.1669440417197E-4
-1.13157817580278E-4
-1.96143164793578E-4
-1.66834431729177E-4
-2.04233840590627E-4
-2.04318046456224E-4
-2.25268997164416E-4
-1.47701418703265E-4
-2.58827400355526E-4
-1.95869909339474E-4
-1.49001402416494E-4
-1.57632574655928E-4
-2.39238983955505E-4
-2.06555886186255E-4
-1.38294109644946E-4
-1.43033950282059E-4
-1.62655179801641E-4
-1.87916169253216E-4
-1.9600096718827E-4
-1.37746906370991E-4
-2.1642996742671E-4
-2.00950113300435E-4
-2.11497461928934E-4
-1.66594663278271E-4
-2.00568038374148E-4
-1.04619633442129E-4
-2.5823881279623E-4
-1.84186162892531E-4
-1.36068319686709E-4
-1.2486439008034E-4
-2.11163069544364E-4
-1.04156902204286E-4
-1.21580331382701E-4
-1.12473559002416E-4
-1.45959203206317E-4
-1.41474707720802E-4
-1.43595661204708E-4
-1.86121521862578E-4
-1.19466336410718E-4
-1.18311856719E-4
-2.10294249877614E-4
-1.22240286620134E-4
-1.5871469115802E-4
-1.75068997139794E-4
-1.45908400260473E-4
-1.75769559640872E-4
-6.6758010118044E-5
-1.47202425504109E-4
-1.02130993418991E-4
-8.82959688453849E-5
-1.690163974117E-4
-1.45544188806575E-4
-9.70397489539747E-5
-1.01720654579084E-4
-1.60030753459764E-4
-1.45379533399368E-4
-1.40441253361788E-4
-1.41633458678944E-4
-1.62568583621215E-4
-1.6598608628349E-4
-1.31913329425673E-4
-1.60482947034459E-4
-1.85157993373069E-4
-1.07205161441228E-4
-1.2417985798657E-4
-1.39784528400866E-4
-1.18168662529258E-4
-1.49581690547168E-4
-1.1304232074772E-4
-1.07455412593513E-4
-1.42005541406622E-4
-1.27797490989355E-4
-1.12642651859706E-4
-1.22531439109603E-4
-1.3301348715531E-4
-1.75557781622803E-4
-1.97274031563845E-4
-1.20010269394548E-4
-1.3150851903866E-4
-6.49781369733888E-5
-1.23330701061683E-4
-1.25252331058348E-4
-1.18049689549171E-4
-1.3743620794049E-4
-7.75768271891575E-5
-7.87004835015695E-5
-1.82461486372101E-4
-1.51217244294167E-4
-1.28287630528907E-4
-9.04985777830295E-5
-9.98345747226813E-5
-1.39936354400195E-4
-8.4482228482628E-5
-1.67191799612593E-4
-5.69635430017286E-5
-1.09851234428842E-4
-1.03067023232492E-4
-7.88395331262071E-5
-9.60690992420234E-5
-8.39651712469665E-5
-9.23748934867672E-5
-9.77070261691876E-5
-1.07203597710548E-4
-1.11486071408095E-4
-5.08954361640673E-5
-9.84584947654769E-5
-1.25509365757476E-4
-9.42419052279592E-5
-1.28233997892925E-4
-9.27047648082923E-5
-1.05855113476489E-4
-9.56029773452281E-5
-1.0288109297962E-4
-8.36201215493887E-5
-1.2253900825096E-4
-4.01061059599423E-5
-9.61403168288012E-5
-6.4484926648396E-5
-6.24623156522444E-5
-4.50339801850485E-5
-5.60967333460236E-5
-9.04349414901132E-5
-2.35226716042416E-5
-1.20478437215462E-4
-5.17925965388368E-5
-3.70623598175651E-5
-6.6134616513115E-5
-9.47968578427227E-5
-9.20625478031788E-5
-8.94674837058317E-5
-5.25378526452125E-5
-1.13623055576771E-4
-2.22589448909589E-5
-5.97076332737181E-5
-8.22994697416044E-5
-3.52567899145443E-5
-1.10225538409361E-4
-9.20744442471438E-5
-9.23706022583621E-5
-1.00741287977367E-4
-1.38196487099756E-4
-9.44733469049237E-5
-4.48009407021673E-5
-1.43037442153976E-4
-7.18615523786174E-5
-1.00002547186633E-4
-1.14067641143453E-4
-7.75253390375764E-5
-5.98392576021209E-5
-1.49353059053462E-4
-1.79569634693759E-4
-1.21793022738324E-4
-1.05622753347668E-4
-1.1384612842187E-4
-1.27195483812311E-4
-1.27042176780894E-4
-7.21578298397037E-5
-1.39665902391091E-4
-1.11034027089528E-4
-1.07978463854176E-4
-1.10402461333777E-4
-1.3209247223914E-4
-1.15866886679454E-4
-1.01960457161925E-4
-1.01993686658913E-4
-1.123572031455E-4
-8.41506276150626E-5
-1.49317890845578E-4
-1.22846409971826E-4
-9.00632098169246E-5
-1.17579474775397E-4
-1.53583969367343E-4
-1.03329802898401E-4
-9.05450037709024E-5
-1.47867655427826E-4
-1.49222871179522E-4
-1.27088395773808E-4
-1.2845837403766E-4
-1.46883459086127E-4
-1.44453541833494E-4
-1.080010800108E-4
-1.4396253864339E-4
-1.42607415585611E-4
-1.39351924696649E-4
-1.66093618611604E-4
-1.02739273615973E-4
-1.24192478923937E-4
-1.21402715362033E-4
-1.73615038776039E-4
-1.23137300056613E-4
-1.49108103132539E-4
-1.22054817259528E-4
-1.51202579703571E-4
-1.4536085562779E-4
-1.57869512013311E-4
-1.53710159113837E-4
-1.55338743614082E-4
-1.32369088330209E-4
-1.45322117357407E-4
-1.77371203482948E-4
-1.58584566366555E-4
-1.38480354458792E-4
-1.91873504423849E-4
-1.72705419604008E-4
-1.36200146660318E-4
-1.74697445957322E-4
-1.95721271393643E-4
-1.37671155369469E-4
-1.71358998144712E-4
-1.71992173814869E-4
-1.33699570734043E-4
-2.15932611311672E-4
-1.50858526143007E-4
-1.84133069502845E-4
-1.61340999190103E-4
-2.03355363497713E-4
-1.52056050288108E-4
-2.30260659117472E-4
-1.85032626427406E-4
-2.22255598033861E-4
-1.62913266011896E-4
-2.31006052358571E-4
-2.32745089991466E-4
-1.74570846668607E-4
-2.36127508854781E-4
-1.6405359114265E-4
-2.10619000958471E-4
-2.09215720004277E-4
-2.28198041284469E-4
-2.22022581114413E-4
-2.26268842941948E-4
-2.81885450876234E-4
-2.39414308632685E-4
-1.65014416995153E-4
-2.09802313769851E-4
-2.50711020418276E-4
-2.31535269709545E-4
-2.67416439200413E-4
-2.48259169614597E-4
-2.63209886962844E-4
-2.74312406562337E-4
-2.11178047513567E-4
-2.7990809230588E-4
-2.92233679253292E-4
-3.06743940990516E-4
-2.97661444125757E-4
-4.09005258545136E-4
-2.42844464166852E-4
-4.38874697043709E-4
-5.27128546589273E-4
-3.90065684824215E-4
-2.44765142135589E-4
-2.13668703628324E-4
-3.23053345152777E-4
-4.40748550342647E-4
-3.36260470143204E-4
-4.5630584101546E-4
-3.88586642298917E-4
-4.82974419918449E-4
-3.57284282171217E-4
-2.27228327228327E-4
-5.45047318611989E-4
-4.66011552213004E-4
-5.33388704318936E-4
-5.4596551724138E-4
-6.45498953244939E-4
-6.24124608886953E-4
-5.42625254908979E-4
-4.98472699503627E-4
-5.56562166139011E-4
-7.53521943880959E-4
-8.28147847278635E-4
-6.87610092382558E-4
-7.28097637013589E-4
-6.67178329571106E-4
-8.95968120018753E-4
-7.81990521327014E-4
-8.411332491668E-4
-5.70837090055557E-4
-7.63669250645997E-4
-7.01061839046987E-4
-7.99589439216363E-4
-7.47984752858837E-4
-7.80771460528088E-4
-8.77224944888775E-4
-9.23577749683943E-4
-8.91355599214148E-4
-0.00116401360544218
-9.27208976157081E-4
-9.64501296607032E-4
-0.00118589279315681
-0.00115018204605488
-8.89250038987796E-4
-0.00104377702742728
-0.00144970440823158
-8.87043795620435E-4
-0.001529530156741
-0.00168965924902013
-0.00194157894736842
-0.00152727217190102
-0.00230038969688557
-0.00154732554969533
-0.00151332060532824
-0.00194034032394869
-0.00176607223238102
-0.0021124427364598
-0.0023252206464491
-0.00237243936014102
-0.00202943110333218
-0.0022360661401053
-0.00309796610169492
-0.00250195035460992
-0.00331703296703297
-0.00416666666666666
-0.00323425742574257
-0.00308088736560989
-0.00266666666666667
-0.0020432806818912
-0.0033076422334809
-0.00368550368550369
-0.00321769414251131
-0.00416293090528563
-0.00284900284900285
-0.00471786702699687
-0.00486545454545455
-0.00584115755627008
-0.00540612825577686
-0.00678950135100296
-0.00477301210294425
-0.00704415094339621
-0.00678837183812156
-0.00503031289247163
-0.0066375096475431
-0.00628772727272727
-0.00522258064516129
-0.00557387268485824
-0.00765245098039218
-0.00972493485002842
-0.00628920461270088
-0.00750177593302531
-0.00781564692514413
-0.0105260628694213
-0.00524416973239281
-0.0149146153846154
-0.00944817518248174
-0.0104758713658997
-0.00906640000000003
-0.012241592920354
-0.0159721153846154
-0.0160510120976551
-0.0150845414067766
-0.0099877292374474
-0.0152378625849509
-0.0180509952770732
-0.0204970299987361
-0.0199019320864407
-0.0236941176470588
-0.0267767899416066
-0.0220460317460318
-0.0232371561355178
-0.0217961418702517
-0.0274803571428572
-0.032821492528523
-0.0267949197500508
-0.0323358974358974
-0.0423163731903335
-0.03764472891977
-0.0461416666666667
-0.0379040628258571
-0.0354795454545454
-0.0320512820512821
-0.0298655761075391
-0.0338875
-0.0622543202142351
-0.0462354838709678
-0.046002046002046
-0.0641208333333334
-0.0605550000000001
-0.064165
-0.10903125
-0.103667792664415
-0.109847477619369
-0.179174910412545
-0.158061800199356
-0.145454545454545
-0.101106666666667
-0.0728764705882352
-0.0598604790697478
-0.154171393214396
-0.199121157432188
-0.0963559488876598
-0.169530976023802
-0.111106666666667
-0.622200000000001
-0.128630769230769
-0.126391666666667
-0.116179753469863
-0.15722
-0.0902154135117684
-0.158329877440816
-0.090611073838316
-0.248414285714286
-0.387184913219164
-0.133855831700526
-0.143003687108668
-0.590486557837941
-0.131373915805635
-0.126468019023586
-0.149012202977068
-0.26668
-0.125638461538461
-0.207142857142857
-0.136210297858518
-0.462966666666667
-0.1479125
-0.32
-0.1541625
-0.26556
1.37497843744609
-0.556650556650556
-0.619450000000001
0.291675
-0.205870467135019
0.204352085064311
-0.453330453330454
-0.111599951478281
-0.135062022392406
-1.18997762004476
-0.78055
-0.191666666666667
-0.246070443487974
-0.227194856418345
0.716658166654523
-0.162819168146474
-0.208334895832552
-0.286288066889372
-0.4648
0.621429459184942
0.527766666666668
-0.381950000000001
-0.167542193443259
0
-1.2389
-0.480299563364033
0.941627354068385
0.666686666695238
0.1666625
-5.45010545010545
-0.358324999999999
-0.571680571680572
-0.406650406650406
4.86690486690487
-4.15020415020415
0.416661979172526
0.568761789047763
-1.60829919585041
-0.10555
-0.221972828169467
0.583318833362334
-0.340478328229765
-0.286906937923615
-0.380956870745093
-0.311456444660278
0.460424424469468
-5.60010560010561
0.598133333333334
-0.556680556680557
4.55010455010454
1.3445
0.0961615014763458
0.423330423330423
-0.535715051021501
-0.5444
0
0.525933333333334
0.783301958254898
0.564561794297757
-1.5916492041754
0.583329404756292
0.319690618463074
0.463350463350464
-0.58438161523851
0.198414285714286
-1.83329908335046
4.63350463350464
0.514980514980515
0
0.687524140594824
0.272220000000001
4.68330468330468
-0.368075
0.151926864643513
0.105555555555556
2.0083489958255
-0.633300904715578
0.473829248327498
0.292857142857143
0.262279085410045
-0.813899999999999
0.200933333333334
0.276171231306264
4.88340488340489
0.730550000000001
0.200873789933573
0.402775000000001
0.205829897085052
0.152158555350179
0.633336708329114
0
0.109045402727421
0.36308545493896
-0.371868982418114
0.21446
0.304905702996645
0.27645866090667
0.31513607714902
0.312740992505298
0.531261835922705
0
0.227771428571429
0.179999910000045
0.66665
0.18405644171459
0.0878353725280339
0.741676854192135
-0.947250000000002
0.291023300787154
0.215154643252111
0.956638086723827
0.114762529249916
0.304778353729747
0.192000076800031
1.07917769794425
0.13888
0.135714285714286
0.338880000000001
0.386670386670386
0.0874066666666667
0.4000204000204
0.645215207450296
0.354175
0.19815
2.04164897917551
0.329175
0.179175063991094
0.226664886667557
0.0910534364550329
0.300000000000001
0.397225
1.1222
-1.86659906670047
0.12760272624148
0.1679
0.22708139192587
0.136558505027436
0.169355385017371
0.142973759459874
0.170179036936335
0.317646871972429
0.427774999999999
0.097743507414885
0.144827536266367
0.0946975120511089
0.193473828924422
0.26
0.20185
0.0666650450406622
0.285706938780758
0.518310518310518
0.15278
0.498133333333334
0
0.246042857142857
0.187655555555555
0.215275
0.131328052531221
-0.140464185382725
-0.893756808598006
-0.0362646845501857
0.0989528157724507
0.128643347989538
0.204757142857143
0.137881818181818
1.02335795328409
0.316661782047524
0.310714063775669
0.403846464497281
0.791649999999999
0.169433333333333
0.336921187913437
0.224688888888888
1.1500176999646
0.197830348769414
0.296082178775189
1.78334910832545
0.23718479783446
0.424226887066467
0.175829912085044
0.247931404957128
0.149420638130815
0.292842647969537
0.65477236396052
0.535424330719587
0.230212643882902
0.184928571428571
0.20439484441834
0.120709090909091
0.188339905830047
0.60209924737594
0.168329915835042
0.145844927077536
0.148041089387595
0.28125017578136
0.227263739665337
4.31670431670433
0.2627
0.27446
0.161109090909091
0.210328571428571
0.208728571428572
0.435000435000435
0.353571176020589
0.462486921891348
0.129571385714148
0.79445
0.17444
0.212512632820396
0.181664909167545
0.244199893826133
0.284506939637901
0.268623371398017
0.154175
0.169744444444445
0.444877265290204
0.19375
0.207509896245052
1.02082755206888
1.63334918332541
0.26556
0.1805625
0.229994885002557
0.239816666666666
0.623786605409437
0.2398
0.302219999999999
0.189575
0.353571176020589
0.3875
0.4389
-0.348715652858194
-0.33000033000033
0.220366666666667
5.51670551670551
0.743278513442974
-1.85009907495047
0.70835
-0.270235521260341
-0.208817524224985
0
-0.23334
-0.359072400843272
-0.863338273323452
-0.647924190094762
-0.62858661226659
-0.496990457281403
-0.171428632653083
-4.05000405000404
-0.790458272083245
-0.987527468818673
-0.273600000000001
-0.538900000000001
-0.180300081954582
-0.216671428571428
-0.147070501723235
-0.175638393985233
-1.74989912505044
-0.286363376033294
0.910018179963639
-5.13330513330514
0.26554
0.691649999999999
1.23330308325771
-0.381499999999999
0.427281429744155
-0.685715265307522
1.06252765631914
0.387872374661478
-0.133338410254457
0.327775
-0.477074403656997
0
-2.59169870415065
0
0.78055
-0.449999590909463
0.763378473243053
-0.225000140625088
1.94159902920048
-0.211885562938884
-0.234095560952527
-0.443945050959045
-0.424066666666668
-0.38112
-0.458324999999999
1.00997798004404
2.12504893747553
0
-0.20625012890633
-0.22446
-0.689998620002761
0.222469468491536
-4.5000045000045
-2.22494888752556
0.619450000000001
0.386099999999999
0.205829897085052
0.272558663200786
0.76665
0.35185
0.449999437500704
-0.226464572667899
0.322745161140762
0.265159211436006
0
0.21945
0
0.17888
0.231120000000001
0.516674354157058
0.242849826535838
0.392829132613047
0.229756978745015
-4.61670461670462
0.405115696242843
-0.414300591857989
-0.993358013283974
0.301031438144648
0.597600853715505
1.06245265613164
0.239479073410039
0.508320508320508
0
0.25925
1.48334925832537
0.455533333333333
0.55627430465712
0.184215886429414
0.704786721123887
0.30555
0.4389
3.01680301680302
0.197233333333334
-0.4861
0
3.80010380010381
-0.683399999999996
0.387066666666667
0.118421114958481
0.345000345000346
-1.76670176670178
-0.249975624939061
0.31667188095983
0.3963
1.13340113340114
0.31668710414112
-1.05000105000105
-0.219400000000001
-0.325050812627033
-0.388899999999999
-0.270825677064192
0.483299758350123
0.176185965979952
0
-0.21385
0.0333500000000009
0
-0.0638499999999986
0.00240000342857682
-0.106650106650106
0.0983400983400978
0.0116700116700109
0.866699566650213
-0.150000375000938
0.1111
-0.164549794312758
1.2999012999013
0.505599999999999
-0.216599891700054
-0.00240000342857682
0.3389
0.233400233400244
-0.161640161640161
0.388899999999999
0
0.566699716650144
0.18335
-0.0583124271094651
-0.0766798466403055
-0.166679666640666
-0.23340023340023
0.0621272162479853
-0.438899999999998
-0.411100000000002
-0.211199999999998
0.224999887500058
0.154980154980155
0
-0.8778
-0.219959560080879
0.537451343628359
-0.0416500000000009
-0.377800000000001
0.841649579175209
-0.1037
-0.0312749609062989
0.00139999999999918
0.533400533400524
-0.266625666564165
-0.141599929200037
0.0484908650083049
0.162487296890878
0.900000900000907
0.166649916675041
-0.0554999999999994
0.0472000000000006
-0.049950124875313
0.416400416400426
-0.0972000000000017
-0.0866700866700869
0.0417001042502607
-0.142843061204373
0.349950874877185
0.193379613240775
0.216675541688855
-0.116700116700109
-1.36650136650137
0.177750000000001
-0.10695
-0.0523928197194142
-0.233350000000001
0.391649804175099
-0.0652750000000002
-0.4
0.524999737500127
-0.0291750729376836
0.600000600000601
-0.166671666673809
0
0.274949862525065
0.174066666666666
-0.0541499323125846
-0.0666999999999973
-0.0312374609531736
0.0374999531250595
-0.0409090537190412
-0.00665998668002764
0.858299570850215
-0.107590811281081
0.149999999999999
0.186719626560747
0.4084497957751
0.233339533320933
1.61670161670162
0
-0.12495031237578
0.683400683400684
0.322199999999997
-0.149999999999999
0
-0.133333333333333
0.900000900000907
-0.333449833275083
0.0527499999999992
-1.05000105000105
1.2000012000012
0.169028812898304
-0.691649654175174
-0.0699598600802799
0.150000000000001
0.37920094800237
-0.1722
0.288900000000001
-0.561099999999999
0.291599854200071
0.0721999999999978
-1.13324943337528
-0.233399883300062
0.0818181074380848
0.0100199799600418
-0.494500000000002
0.0133799732400532
0.783600783600788
0.28997942004116
0.120824848968939
-0.129959740080521
0.00555000000000083
-0.533300000000003
0
0.19792475259406
0.120825302063254
-0.105600000000003
-0.288900000000001
0.808199595900201
0.533100533100535
-0.135412330734588
0.266699866650069
-0.224999887500058
0.350000000000001
0.200100200100205
-0.641699679150161
0.766649616675191
0.0168000168000203
1.38330138330137
-0.112500281250704
-0.236699526600947
0
0.0333429047755778
-0.126659746680508
-0.433349783325103
0.141675354188384
-0.0333499999999998
-0.188866666666666
