-5.81194153832679E-4
-0.00239629092617066
-0.00229711939039934
-0.00234502129916632
3.01532128060607E-5
9.92851634644317E-4
7.61080447824115E-4
0.00172480554730278
-7.48779466566919E-4
-3.66507866358948E-4
-8.80464991829941E-4
-0.00244839229735382
-0.00146811169351164
-0.00345659502570598
-0.00118111164159536
-0.00100546860748646
9.3964403674999E-4
0.00132709641444944
9.23054944559026E-4
0.00110815077972842
0.00245293713285704
9.58199844630877E-4
0.00118047404477508
2.78641166423458E-4
0.0017058266943516
0.00268448754335129
0.00375411879978564
0.00458385917142335
0.006768206705184
0.0087749574580148
0.0155830861230709
0.0176976417006342
0.024647027194069
0.0230013650055383
0.0245523254175195
0.0278557215668293
0.0321551691076185
0.0408055892442049
0.0463636563139026
0.0523398352409827
0.0600143645118534
0.0695472595437117
0.0755082883826795
0.0821924672734442
0.0862224734101395
0.0960690750261201
0.0967845736678153
0.0940246272359579
0.0991405332164894
0.0929506466446309
0.0916310702133775
0.0794015776832215
0.0857645779235481
0.0847549016085167
0.0750276304845249
0.0783178171869686
0.0697357609483358
0.0647700943581968
0.0592277887905907
0.0530322631362916
0.0493791472614685
0.0447091353936582
0.0377787698107404
0.037587088733856
0.038092339379953
0.0341646655445446
0.0293862082616497
0.0272845763936853
0.0304622731302485
0.0291612060619691
0.0257385051212956
0.0247166638128474
0.0252111147021694
0.0207862525376075
0.0173751000315467
0.021223409487222
0.024050013277619
0.0228424903968576
0.0212481294445004
0.0256036927155314
0.0187592341733307
0.0167957158274634
0.0169485919429921
0.0176223178427461
0.0166997551604825
0.0156552332629639
0.0138863905427613
0.0141273055895741
0.0140736111847433
0.0137530910619753
0.0119609920120388
0.0105278535256968
0.0137951381435616
0.0174850461800879
0.0140884352328011
0.0145452387321802
0.016930013505354
0.0181624727925963
0.0168419761919002
0.0161736674421223
0.018956060320702
0.0198555039508223
0.020165687822617
0.0211820600312591
0.0144322940631361
0.0131948264213261
0.0157252912802741
0.0211463429221181
0.0306007497782892
0.0254203879510962
0.0242292303624363
0.0236591981393492
0.0289328407567187
0.0291740654654064
0.0295729483595846
0.0339832869754643
0.0334111761062651
0.0304548346009618
0.0413818464161865
0.0498853808604272
0.0426415212141714
0.037916394535417
0.0307305908045804
0.0184259202777148
0.0241747984189224
0.0228289638989312
0.014567870875665
0.0073317135906418
0.00831274962741019
4.39189659400173E-4
6.92353444201564E-4
0.00395014076155792
0.0125643216280701
-0.00282936335252755
-9.12821075798043E-5
0.0157670891201462
0.0258666316655338
0.0258935891663497
0.0256696184228393
0.0330857994637006
0.0452184329488802
0.0301450071801139
0.0437919774637732
0.0507417695164452
