1751.05
1749.27
1747.49
1745.72
1743.94
1742.16
1740.38
1738.6
1736.83
1735.05
1733.27
1731.5
1729.72
1727.94
1726.17
1724.39
1722.62
1720.84
1719.07
1717.3
1715.52
1713.75
1711.98
1710.21
1708.43
1706.66
1704.89
1703.12
1701.35
1699.58
1697.81
1696.04
1694.27
1692.5
1690.73
1688.96
1687.2
1685.43
1683.66
1681.89
1680.13
1678.36
1676.59
1674.83
1673.06
1671.3
1669.53
1667.77
1666.01
1664.24
1662.48
1660.71
1658.95
1657.19
1655.43
1653.67
1651.9
1650.14
1648.38
1646.62
1644.86
1643.1
1641.34
1639.58
1637.82
1636.07
1634.31
1632.55
1630.79
1629.04
1627.28
1625.52
1623.77
1622.01
1620.25
1618.5
1616.74
1614.99
1613.23
1611.48
1609.73
1607.97
1606.22
1604.47
1602.72
1600.96
1599.21
1597.46
1595.71
1593.96
1592.21
1590.46
1588.71
1586.96
1585.21
1583.46
1581.71
1579.96
1578.22
1576.47
1574.72
1572.98
1571.23
1569.48
1567.74
1565.99
1564.25
1562.5
1560.76
1559.01
1557.27
1555.53
1553.78
1552.04
1550.3
1548.55
1546.81
1545.07
1543.33
1541.59
1539.85
1538.11
1536.37
1534.63
1532.89
1531.15
1529.41
1527.67
1525.93
1524.2
1522.46
1520.72
1518.98
1517.25
1515.51
1513.78
1512.04
1510.3
1508.57
1506.84
1505.1
1503.37
1501.63
1499.9
